{
 "cells": [
  {
   "cell_type": "code",
   "execution_count": 4,
   "id": "b6f8cf40",
   "metadata": {},
   "outputs": [
    {
     "name": "stdout",
     "output_type": "stream",
     "text": [
      "Collecting torch\n",
      "  Using cached torch-2.11.0-cp311-cp311-win_amd64.whl.metadata (29 kB)\n",
      "Collecting filelock (from torch)\n",
      "  Using cached filelock-3.29.0-py3-none-any.whl.metadata (2.0 kB)\n",
      "Requirement already satisfied: typing-extensions>=4.10.0 in c:\\users\\hofin\\anaconda3\\envs\\aicv\\lib\\site-packages (from torch) (4.12.2)\n",
      "Requirement already satisfied: setuptools<82 in c:\\users\\hofin\\anaconda3\\envs\\aicv\\lib\\site-packages (from torch) (75.8.0)\n",
      "Collecting sympy>=1.13.3 (from torch)\n",
      "  Using cached sympy-1.14.0-py3-none-any.whl.metadata (12 kB)\n",
      "Requirement already satisfied: networkx>=2.5.1 in c:\\users\\hofin\\anaconda3\\envs\\aicv\\lib\\site-packages (from torch) (3.4.2)\n",
      "Requirement already satisfied: jinja2 in c:\\users\\hofin\\anaconda3\\envs\\aicv\\lib\\site-packages (from torch) (3.1.5)\n",
      "Collecting fsspec>=0.8.5 (from torch)\n",
      "  Downloading fsspec-2026.4.0-py3-none-any.whl.metadata (10 kB)\n",
      "Collecting mpmath<1.4,>=1.1.0 (from sympy>=1.13.3->torch)\n",
      "  Using cached mpmath-1.3.0-py3-none-any.whl.metadata (8.6 kB)\n",
      "Requirement already satisfied: MarkupSafe>=2.0 in c:\\users\\hofin\\anaconda3\\envs\\aicv\\lib\\site-packages (from jinja2->torch) (3.0.2)\n",
      "Using cached torch-2.11.0-cp311-cp311-win_amd64.whl (114.5 MB)\n",
      "Downloading fsspec-2026.4.0-py3-none-any.whl (203 kB)\n",
      "Using cached sympy-1.14.0-py3-none-any.whl (6.3 MB)\n",
      "Using cached filelock-3.29.0-py3-none-any.whl (39 kB)\n",
      "Using cached mpmath-1.3.0-py3-none-any.whl (536 kB)\n",
      "Installing collected packages: mpmath, sympy, fsspec, filelock, torch\n",
      "Successfully installed filelock-3.29.0 fsspec-2026.4.0 mpmath-1.3.0 sympy-1.14.0 torch-2.11.0\n",
      "Note: you may need to restart the kernel to use updated packages.\n"
     ]
    }
   ],
   "source": [
    "pip install torch"
   ]
  },
  {
   "cell_type": "code",
   "execution_count": 5,
   "id": "f30bb6e9",
   "metadata": {},
   "outputs": [
    {
     "name": "stdout",
     "output_type": "stream",
     "text": [
      "TYPE:\n",
      "<class 'collections.defaultdict'>\n",
      "\n",
      "TOP LEVEL KEYS:\n",
      "dict_keys([np.int64(0)])\n",
      "\n",
      "========================\n",
      "PERSON ID: 0\n",
      "========================\n",
      "TYPE: <class 'dict'>\n",
      "\n",
      "FIELDS:\n",
      "\n",
      "frame_id\n",
      "type: <class 'numpy.ndarray'>\n",
      "shape: (498,)\n",
      "dtype: int64\n",
      "sample: [0 1 2 3 4 5 6 7 8 9]\n",
      "\n",
      "bbox\n",
      "type: <class 'numpy.ndarray'>\n",
      "shape: (498, 3)\n",
      "dtype: float64\n",
      "sample: [198.35324097 450.08432007   3.22559473 198.40214539 450.21142578\n",
      "   3.23445923 198.40214539 450.21704102   3.23657007 198.40214539]\n",
      "\n",
      "keypoints\n",
      "type: <class 'numpy.ndarray'>\n",
      "shape: (498, 17, 3)\n",
      "dtype: float32\n",
      "sample: [198.41986    194.3616       0.94640267 210.67664    181.9584\n",
      "   0.93131876 186.04642    182.6105       0.949267   231.33136   ]\n",
      "\n",
      "features\n",
      "type: <class 'torch.Tensor'>\n",
      "tensor([[ 0.2155, -0.7883,  0.1771,  ...,  1.1535, -1.2699,  0.5305],\n",
      "        [ 0.2027, -0.7918,  0.2249,  ...,  1.1481, -1.2525,  0.5123],\n",
      "        [ 0.2171, -0.7908,  0.2270,  ...,  1.1452, -1.2625,  0.5010],\n",
      "        ...,\n",
      "        [ 0.0825, -0.7047,  0.2588,  ...,  1.1492, -1.2749,  0.5872],\n",
      "        [ 0.0787, -0.7043,  0.2753,  ...,  1.1501, -1.2683,  0.5863],\n",
      "        [ 0.0840, -0.7068,  0.2946,  ...,  1.1329, -1.2623,  0.5818]])\n",
      "\n",
      "init_global_orient\n",
      "type: <class 'torch.Tensor'>\n",
      "tensor([[[[ 0.9932, -0.0184, -0.1146],\n",
      "          [-0.0011, -0.9888,  0.1496],\n",
      "          [-0.1160, -0.1484, -0.9821]]]])\n",
      "\n",
      "init_body_pose\n",
      "type: <class 'torch.Tensor'>\n",
      "tensor([[[[ 9.9820e-01,  4.8475e-02,  3.5282e-02],\n",
      "          [-5.4550e-02,  9.7849e-01,  1.9896e-01],\n",
      "          [-2.4878e-02, -2.0053e-01,  9.7937e-01]],\n",
      "\n",
      "         [[ 9.9973e-01,  1.7598e-02, -1.5040e-02],\n",
      "          [-1.6333e-02,  9.9663e-01,  8.0421e-02],\n",
      "          [ 1.6405e-02, -8.0153e-02,  9.9665e-01]],\n",
      "\n",
      "         [[ 9.9897e-01,  4.5280e-02,  3.5805e-03],\n",
      "          [-4.4386e-02,  9.8989e-01, -1.3474e-01],\n",
      "          [-9.6452e-03,  1.3444e-01,  9.9088e-01]],\n",
      "\n",
      "         [[ 9.9770e-01,  2.2238e-02, -6.4087e-02],\n",
      "          [-5.2828e-02,  8.4736e-01, -5.2839e-01],\n",
      "          [ 4.2554e-02,  5.3056e-01,  8.4658e-01]],\n",
      "\n",
      "         [[ 9.9841e-01, -4.0380e-02,  3.9209e-02],\n",
      "          [ 5.4105e-02,  8.8055e-01, -4.7086e-01],\n",
      "          [-1.5513e-02,  4.7223e-01,  8.8134e-01]],\n",
      "\n",
      "         [[ 9.9998e-01,  2.6737e-03, -6.2762e-03],\n",
      "          [-1.9500e-03,  9.9364e-01,  1.1260e-01],\n",
      "          [ 6.5374e-03, -1.1258e-01,  9.9362e-01]],\n",
      "\n",
      "         [[ 9.8073e-01,  7.0495e-02,  1.8218e-01],\n",
      "          [-8.3862e-02,  9.9424e-01,  6.6731e-02],\n",
      "          [-1.7643e-01, -8.0724e-02,  9.8100e-01]],\n",
      "\n",
      "         [[ 9.8291e-01, -3.9872e-02, -1.7973e-01],\n",
      "          [ 6.2238e-02,  9.9075e-01,  1.2058e-01],\n",
      "          [ 1.7326e-01, -1.2970e-01,  9.7630e-01]],\n",
      "\n",
      "         [[ 9.9992e-01, -1.0038e-02,  7.5116e-03],\n",
      "          [ 1.0136e-02,  9.9986e-01, -1.3154e-02],\n",
      "          [-7.3786e-03,  1.3229e-02,  9.9989e-01]],\n",
      "\n",
      "         [[ 9.8430e-01, -1.6859e-01, -5.2298e-02],\n",
      "          [ 1.7431e-01,  9.7503e-01,  1.3758e-01],\n",
      "          [ 2.7798e-02, -1.4453e-01,  9.8911e-01]],\n",
      "\n",
      "         [[ 9.8959e-01,  1.4384e-01, -5.2648e-03],\n",
      "          [-1.4077e-01,  9.7479e-01,  1.7309e-01],\n",
      "          [ 3.0029e-02, -1.7054e-01,  9.8489e-01]],\n",
      "\n",
      "         [[ 9.9966e-01, -1.6467e-02, -2.0039e-02],\n",
      "          [ 2.0835e-02,  9.6997e-01,  2.4232e-01],\n",
      "          [ 1.5447e-02, -2.4266e-01,  9.6999e-01]],\n",
      "\n",
      "         [[ 8.9698e-01,  4.2881e-01, -1.0743e-01],\n",
      "          [-4.3784e-01,  8.9530e-01, -8.2126e-02],\n",
      "          [ 6.0965e-02,  1.2070e-01,  9.9081e-01]],\n",
      "\n",
      "         [[ 9.2820e-01, -3.5975e-01,  9.4949e-02],\n",
      "          [ 3.6431e-01,  9.3060e-01, -3.5520e-02],\n",
      "          [-7.5581e-02,  6.7561e-02,  9.9485e-01]],\n",
      "\n",
      "         [[ 9.9979e-01,  1.9884e-02, -5.2052e-03],\n",
      "          [-2.0546e-02,  9.6013e-01, -2.7881e-01],\n",
      "          [-5.4600e-04,  2.7885e-01,  9.6033e-01]],\n",
      "\n",
      "         [[ 5.5641e-01,  7.7284e-01, -3.0515e-01],\n",
      "          [-8.2951e-01,  5.3795e-01, -1.5008e-01],\n",
      "          [ 4.8173e-02,  3.3663e-01,  9.4040e-01]],\n",
      "\n",
      "         [[ 4.7555e-01, -8.1030e-01,  3.4244e-01],\n",
      "          [ 8.7392e-01,  4.7967e-01, -7.8607e-02],\n",
      "          [-1.0056e-01,  3.3664e-01,  9.3625e-01]],\n",
      "\n",
      "         [[ 8.8577e-01, -1.3085e-01, -4.4531e-01],\n",
      "          [ 2.3319e-02,  9.7077e-01, -2.3886e-01],\n",
      "          [ 4.6354e-01,  2.0119e-01,  8.6293e-01]],\n",
      "\n",
      "         [[ 9.0713e-01,  9.8212e-02,  4.0923e-01],\n",
      "          [-2.6641e-02,  9.8384e-01, -1.7706e-01],\n",
      "          [-4.2000e-01,  1.4972e-01,  8.9509e-01]],\n",
      "\n",
      "         [[ 9.9841e-01, -2.0478e-02, -5.2496e-02],\n",
      "          [ 1.7879e-02,  9.9861e-01, -4.9514e-02],\n",
      "          [ 5.3437e-02,  4.8497e-02,  9.9739e-01]],\n",
      "\n",
      "         [[ 9.9883e-01, -1.8899e-03,  4.8267e-02],\n",
      "          [ 4.8025e-03,  9.9817e-01, -6.0299e-02],\n",
      "          [-4.8065e-02,  6.0461e-02,  9.9701e-01]],\n",
      "\n",
      "         [[ 9.7385e-01,  2.0009e-01, -1.0765e-01],\n",
      "          [-1.7959e-01,  9.6809e-01,  1.7481e-01],\n",
      "          [ 1.3919e-01, -1.5090e-01,  9.7870e-01]],\n",
      "\n",
      "         [[ 9.7408e-01, -2.0820e-01,  8.8468e-02],\n",
      "          [ 1.8961e-01,  9.6472e-01,  1.8268e-01],\n",
      "          [-1.2338e-01, -1.6117e-01,  9.7918e-01]]]])\n",
      "\n",
      "init_betas\n",
      "type: <class 'torch.Tensor'>\n",
      "tensor([[ 0.1106,  0.6837,  1.0415,  2.3213,  0.0303, -0.1320, -0.0354,  0.2704,\n",
      "         -0.1111,  0.0983]])\n",
      "\n",
      "flipped_bbox\n",
      "type: <class 'numpy.ndarray'>\n",
      "shape: (498, 3)\n",
      "dtype: float64\n",
      "sample: [281.64675903 450.08432007   3.22559473 281.59785461 450.21142578\n",
      "   3.23445923 281.59785461 450.21704102   3.23657007 281.59785461]\n",
      "\n",
      "flipped_keypoints\n",
      "type: <class 'numpy.ndarray'>\n",
      "shape: (498, 17, 3)\n",
      "dtype: float32\n",
      "sample: [281.58014    194.3616       0.94640267 293.95358    182.6105\n",
      "   0.949267   269.32336    181.9584       0.93131876 310.3639    ]\n",
      "\n",
      "flipped_features\n",
      "type: <class 'torch.Tensor'>\n",
      "tensor([[-0.1640, -0.7779,  0.1557,  ...,  1.0326, -1.3329,  0.5761],\n",
      "        [-0.1877, -0.7625,  0.1789,  ...,  1.0330, -1.3349,  0.5614],\n",
      "        [-0.1842, -0.7508,  0.1707,  ...,  1.0247, -1.3303,  0.5518],\n",
      "        ...,\n",
      "        [-0.1415, -0.7916,  0.2608,  ...,  0.9884, -1.4908,  0.6029],\n",
      "        [-0.1392, -0.7898,  0.2722,  ...,  0.9849, -1.4954,  0.6047],\n",
      "        [-0.1295, -0.8041,  0.2864,  ...,  0.9690, -1.5013,  0.5922]])\n",
      "\n",
      "flipped_init_global_orient\n",
      "type: <class 'torch.Tensor'>\n",
      "tensor([[[[ 0.9986, -0.0130,  0.0507],\n",
      "          [-0.0205, -0.9883,  0.1511],\n",
      "          [ 0.0481, -0.1519, -0.9872]]]])\n",
      "\n",
      "flipped_init_body_pose\n",
      "type: <class 'torch.Tensor'>\n",
      "tensor([[[[ 9.9702e-01,  7.2947e-02,  2.4941e-02],\n",
      "          [-7.5473e-02,  9.8956e-01,  1.2278e-01],\n",
      "          [-1.5724e-02, -1.2430e-01,  9.9212e-01]],\n",
      "\n",
      "         [[ 9.9931e-01,  3.5475e-02, -1.0817e-02],\n",
      "          [-3.3529e-02,  9.8881e-01,  1.4534e-01],\n",
      "          [ 1.5852e-02, -1.4487e-01,  9.8932e-01]],\n",
      "\n",
      "         [[ 9.9987e-01,  4.0747e-03, -1.5509e-02],\n",
      "          [-6.0553e-03,  9.9151e-01, -1.2989e-01],\n",
      "          [ 1.4848e-02,  1.2996e-01,  9.9141e-01]],\n",
      "\n",
      "         [[ 9.9746e-01,  1.1600e-02, -7.0334e-02],\n",
      "          [-4.7710e-02,  8.4173e-01, -5.3778e-01],\n",
      "          [ 5.2964e-02,  5.3977e-01,  8.4014e-01]],\n",
      "\n",
      "         [[ 9.9799e-01, -3.0593e-02,  5.5469e-02],\n",
      "          [ 5.3390e-02,  8.7748e-01, -4.7663e-01],\n",
      "          [-3.4092e-02,  4.7863e-01,  8.7735e-01]],\n",
      "\n",
      "         [[ 9.9991e-01, -1.0681e-02, -8.0238e-03],\n",
      "          [ 1.1502e-02,  9.9382e-01,  1.1042e-01],\n",
      "          [ 6.7948e-03, -1.1051e-01,  9.9385e-01]],\n",
      "\n",
      "         [[ 9.8244e-01,  4.4693e-02,  1.8115e-01],\n",
      "          [-6.2076e-02,  9.9387e-01,  9.1452e-02],\n",
      "          [-1.7596e-01, -1.0109e-01,  9.7919e-01]],\n",
      "\n",
      "         [[ 9.8220e-01, -5.6229e-02, -1.7920e-01],\n",
      "          [ 7.5665e-02,  9.9174e-01,  1.0353e-01],\n",
      "          [ 1.7190e-01, -1.1525e-01,  9.7835e-01]],\n",
      "\n",
      "         [[ 9.9943e-01, -1.5700e-02,  2.9917e-02],\n",
      "          [ 1.6326e-02,  9.9965e-01, -2.0784e-02],\n",
      "          [-2.9581e-02,  2.1261e-02,  9.9934e-01]],\n",
      "\n",
      "         [[ 9.8854e-01, -1.4943e-01, -2.1604e-02],\n",
      "          [ 1.5096e-01,  9.7574e-01,  1.5855e-01],\n",
      "          [-2.6135e-03, -1.6000e-01,  9.8711e-01]],\n",
      "\n",
      "         [[ 9.8960e-01,  1.4353e-01,  9.6019e-03],\n",
      "          [-1.4322e-01,  9.7679e-01,  1.5925e-01],\n",
      "          [ 1.3479e-02, -1.5897e-01,  9.8719e-01]],\n",
      "\n",
      "         [[ 9.9752e-01,  2.7266e-02, -6.4899e-02],\n",
      "          [-1.2281e-02,  9.7521e-01,  2.2094e-01],\n",
      "          [ 6.9314e-02, -2.1960e-01,  9.7313e-01]],\n",
      "\n",
      "         [[ 9.0777e-01,  4.1186e-01, -7.9535e-02],\n",
      "          [-4.1798e-01,  9.0411e-01, -8.8739e-02],\n",
      "          [ 3.5361e-02,  1.1380e-01,  9.9287e-01]],\n",
      "\n",
      "         [[ 9.3243e-01, -3.5364e-01,  7.4242e-02],\n",
      "          [ 3.5732e-01,  9.3296e-01, -4.3658e-02],\n",
      "          [-5.3825e-02,  6.7236e-02,  9.9628e-01]],\n",
      "\n",
      "         [[ 9.9911e-01,  2.3482e-02, -3.5059e-02],\n",
      "          [-3.1927e-02,  9.6394e-01, -2.6420e-01],\n",
      "          [ 2.7591e-02,  2.6509e-01,  9.6383e-01]],\n",
      "\n",
      "         [[ 5.2048e-01,  7.9031e-01, -3.2327e-01],\n",
      "          [-8.5274e-01,  5.0056e-01, -1.4921e-01],\n",
      "          [ 4.3894e-02,  3.5333e-01,  9.3447e-01]],\n",
      "\n",
      "         [[ 4.8159e-01, -8.1158e-01,  3.3077e-01],\n",
      "          [ 8.7088e-01,  4.8545e-01, -7.6864e-02],\n",
      "          [-9.8188e-02,  3.2508e-01,  9.4058e-01]],\n",
      "\n",
      "         [[ 8.7579e-01, -1.4668e-01, -4.5986e-01],\n",
      "          [ 3.1867e-02,  9.6820e-01, -2.4813e-01],\n",
      "          [ 4.8163e-01,  2.0266e-01,  8.5262e-01]],\n",
      "\n",
      "         [[ 9.0485e-01,  8.6221e-02,  4.1690e-01],\n",
      "          [-2.0400e-02,  9.8693e-01, -1.5983e-01],\n",
      "          [-4.2523e-01,  1.3612e-01,  8.9479e-01]],\n",
      "\n",
      "         [[ 9.9842e-01, -4.1590e-02, -3.7798e-02],\n",
      "          [ 3.9623e-02,  9.9789e-01, -5.1380e-02],\n",
      "          [ 3.9855e-02,  4.9802e-02,  9.9796e-01]],\n",
      "\n",
      "         [[ 9.9946e-01,  1.8656e-03,  3.2929e-02],\n",
      "          [ 1.9298e-04,  9.9805e-01, -6.2402e-02],\n",
      "          [-3.2981e-02,  6.2374e-02,  9.9751e-01]],\n",
      "\n",
      "         [[ 9.7302e-01,  2.0704e-01, -1.0181e-01],\n",
      "          [-1.8782e-01,  9.6709e-01,  1.7161e-01],\n",
      "          [ 1.3399e-01, -1.4786e-01,  9.7989e-01]],\n",
      "\n",
      "         [[ 9.7254e-01, -2.1506e-01,  8.8947e-02],\n",
      "          [ 1.9704e-01,  9.6428e-01,  1.7705e-01],\n",
      "          [-1.2385e-01, -1.5466e-01,  9.8017e-01]]]])\n",
      "\n",
      "flipped_init_betas\n",
      "type: <class 'torch.Tensor'>\n",
      "tensor([[ 0.0666,  0.6488,  0.9483,  2.3927,  0.0139, -0.0424, -0.0794,  0.2963,\n",
      "         -0.0321,  0.1392]])\n"
     ]
    }
   ],
   "source": [
    "import joblib\n",
    "import numpy as np\n",
    "\n",
    "tracking_results = joblib.load(\n",
    "    \"tracking_results.pth\"\n",
    ")\n",
    "\n",
    "print(\"TYPE:\")\n",
    "print(type(tracking_results))\n",
    "\n",
    "print(\"\\nTOP LEVEL KEYS:\")\n",
    "print(tracking_results.keys())\n",
    "\n",
    "for person_id, person_data in tracking_results.items():\n",
    "\n",
    "    print(\"\\n========================\")\n",
    "    print(\"PERSON ID:\", person_id)\n",
    "    print(\"========================\")\n",
    "\n",
    "    print(\"TYPE:\", type(person_data))\n",
    "\n",
    "    if isinstance(person_data, dict):\n",
    "\n",
    "        print(\"\\nFIELDS:\")\n",
    "        for k, v in person_data.items():\n",
    "\n",
    "            print(f\"\\n{k}\")\n",
    "\n",
    "            print(\"type:\", type(v))\n",
    "\n",
    "            if isinstance(v, np.ndarray):\n",
    "                print(\"shape:\", v.shape)\n",
    "                print(\"dtype:\", v.dtype)\n",
    "\n",
    "                # show small sample\n",
    "                flat = v.reshape(-1)\n",
    "                print(\"sample:\", flat[:10])\n",
    "\n",
    "            else:\n",
    "                print(v)\n",
    "\n",
    "    break"
   ]
  }
 ],
 "metadata": {
  "kernelspec": {
   "display_name": "aicv",
   "language": "python",
   "name": "python3"
  },
  "language_info": {
   "codemirror_mode": {
    "name": "ipython",
    "version": 3
   },
   "file_extension": ".py",
   "mimetype": "text/x-python",
   "name": "python",
   "nbconvert_exporter": "python",
   "pygments_lexer": "ipython3",
   "version": "3.11.11"
  }
 },
 "nbformat": 4,
 "nbformat_minor": 5
}
